      0/29     6.01G       4.8      3.35      2.21      10.4        15       512     0.209     0.563     0.276     0.303      4.22      1.64      1.26
      1/29     6.02G      3.42      1.87      1.06      6.35        12       512     0.413      0.61     0.492     0.489      3.26      1.41      1.13
      2/29     6.02G      3.07      1.68     0.905      5.66        11       512     0.482     0.616      0.51     0.539      3.05      1.38      1.11
      3/29     6.02G      2.88      1.64     0.852      5.37        13       512      0.51     0.671     0.528     0.571      2.95      1.29      1.09
      4/29     6.02G      2.73      1.52     0.771      5.02        26       512     0.523     0.644     0.531     0.576      3.06      1.31      1.14
      5/29     6.02G      2.62      1.41     0.714      4.74        17       512     0.524     0.639     0.546     0.575      2.84      1.18      1.09
      6/29     6.02G      2.56       1.4      0.63      4.59        17       512     0.492     0.654     0.524     0.561      2.84      1.18      1.15
      7/29     6.02G      2.51      1.35     0.665      4.53        17       512     0.578     0.631     0.544     0.597      2.82      1.19       1.1
      8/29     6.02G      2.47      1.35     0.628      4.45        17       512     0.519     0.633     0.531     0.569      2.86      1.22      1.22
      9/29     6.02G      2.46      1.38      0.57      4.41        26       512     0.551     0.645     0.553     0.593      2.71      1.17      1.13
     10/29     6.02G      2.38      1.31     0.538      4.23        19       512     0.524      0.66     0.536     0.584      2.72      1.16      1.19
     11/29     6.02G      2.32      1.29     0.501      4.12        28       512     0.531     0.654     0.554     0.585      2.68      1.19      1.21
     12/29     6.02G      2.25      1.27      0.43      3.95        17       512     0.532     0.691     0.555     0.598      2.71      1.19      1.18
     13/29     6.02G      2.25      1.24     0.405      3.89        28       512      0.55     0.662     0.552     0.599      2.71      1.19      1.17
     14/29     6.02G      2.19       1.2     0.384      3.77        12       512      0.54     0.682     0.553     0.602      2.67      1.18      1.23
     15/29     6.02G      2.16      1.21     0.339      3.72        52       512      0.54     0.681     0.565     0.602      2.67      1.22      1.18
     16/29     6.02G      2.11      1.16     0.311      3.58        16       512     0.559     0.687     0.558     0.615      2.62      1.21      1.24
     17/29     6.02G      2.05      1.15     0.301       3.5        26       512     0.555     0.686     0.554     0.612      2.66      1.23      1.28
     18/29     6.02G      2.05      1.17     0.291       3.5        16       512     0.538     0.681     0.553       0.6      2.69       1.2      1.34
     19/29     6.02G      2.01      1.11     0.243      3.37        32       512     0.552     0.684     0.554     0.611      2.63      1.24      1.39
     20/29     6.02G      1.95      1.08     0.216      3.24        23       512     0.575      0.67     0.557     0.618      2.64      1.25      1.39
     21/29     6.02G       1.9      1.07     0.218      3.19         7       512      0.57     0.691     0.562     0.623      2.64      1.27      1.36
     22/29     6.02G      1.87      1.05     0.209      3.14        16       512     0.584     0.673     0.556     0.624      2.65      1.27      1.45
     23/29     6.02G      1.83      1.04     0.184      3.06        14       512     0.558     0.686     0.569     0.614      2.62      1.27      1.46
     24/29     6.02G      1.79      1.01     0.161      2.97        31       512     0.574      0.67     0.554     0.617      2.64      1.29      1.51
     25/29     6.02G      1.76     0.999     0.161      2.92        21       512      0.57     0.673      0.56     0.617       2.6       1.3      1.51
     26/29     6.02G      1.75         1     0.146       2.9        11       512     0.564     0.678     0.556     0.615      2.62      1.31      1.53
     27/29     6.02G      1.72     0.986     0.135      2.84        25       512     0.567     0.679     0.557     0.617      2.62      1.31      1.49
     28/29     6.02G      1.71     0.978     0.129      2.81        18       512     0.581     0.677     0.559     0.624      2.61      1.32      1.55
     29/29     6.02G       1.7     0.955     0.117      2.77        17       512     0.576     0.663     0.554     0.615      2.62      1.34      1.58
