1 0.7250000000000001 0.2411111111111111 0.05166666666666667 0.04888888888888889
1 0.4266666666666667 0.18611111111111112 0.05166666666666667 0.05
1 0.25916666666666666 0.25166666666666665 0.045000000000000005 0.07444444444444444
0 0.2004166666666667 0.15055555555555555 0.11916666666666667 0.10111111111111111
0 0.4191666666666667 0.11277777777777778 0.05166666666666667 0.07666666666666666
0 0.7208333333333333 0.15666666666666668 0.07 0.07333333333333333
3 0.29083333333333333 0.9766666666666667 0.16333333333333333 0.042222222222222223
3 0.39666666666666667 0.7877777777777778 0.04166666666666667 0.08222222222222222
3 0.49375 0.7694444444444445 0.009166666666666667 0.07222222222222222
3 0.6525000000000001 0.7911111111111111 0.04 0.05333333333333333
3 0.7541666666666668 0.7872222222222223 0.06166666666666667 0.052222222222222225
