0 0.678 0.12143928035982009 0.094 0.07196401799100449
0 0.451 0.6604197901049476 0.018000000000000002 0.031484257871064465
0 0.022 0.7721139430284857 0.016 0.014992503748125937
0 0.0455 0.767616191904048 0.013000000000000001 0.014992503748125937
0 0.0585 0.7728635682158921 0.007 0.013493253373313342
0 0.0785 0.7856071964017991 0.007 0.008995502248875561
0 0.159 0.7368815592203898 0.016 0.019490254872563718
0 0.136 0.7541229385307346 0.012 0.017991004497751123
0 0.168 0.7586206896551724 0.012 0.01199400299850075
0 0.189 0.7683658170914542 0.012 0.013493253373313342
0 0.1225 0.7698650674662668 0.009000000000000001 0.019490254872563718
2 0.7365 0.2946026986506747 0.129 0.2083958020989505
2 0.448 0.7113943028485757 0.038 0.06446776611694152
2 0.034 0.7901049475262368 0.058 0.035982008995502246
2 0.1535 0.775112443778111 0.025 0.029985007496251874
2 0.2185 0.7863568215892054 0.023 0.025487256371814093
3 0.4485 0.8380809595202399 0.035 0.026986506746626684
3 0.748 0.9235382308845577 0.1 0.07796101949025487
3 0.849 0.9212893553223388 0.088 0.0944527736131934
3 0.047 0.8583208395802099 0.074 0.022488755622188904
