1 0.5140625 0.25535561268209084 0.045625 0.06341045415595545
1 0.8440625 0.2150814053127678 0.056875 0.06512425021422451
1 0.359375 0.4781491002570694 0.06625 0.06855184233076264
1 0.17125 0.26949443016281066 0.055 0.06255355612682091
2 0.8490625 0.4271636675235647 0.173125 0.28363324764353043
2 0.35781250000000003 0.6580976863753214 0.168125 0.26221079691516713
2 0.1534375 0.43701799485861187 0.12687500000000002 0.29134532990574125
0 0.538125 0.1778063410454156 0.1 0.08140531276778064
0 0.8503125 0.12210796915167096 0.08687500000000001 0.06598114824335904
0 0.165 0.17994858611825193 0.09625 0.0805484147386461
